Close,Volume,SMA_20,SMA_50,RSI,MACD
220.91000366210938,67180000,224.4840003967285,222.71120056152344,46.59444501923594,0.7052234634050762
220.11000061035156,51591000,224.61300048828124,222.90100067138673,45.188461880553355,0.38498857843723044
222.66000366210938,44587100,224.68250045776367,223.0192007446289,50.33301339446257,0.33312401367743405
222.77000427246094,37455600,224.73500061035156,223.06920074462892,50.548635305177186,0.2974680755753809
222.5,36766600,224.6240005493164,223.08820068359375,49.97512765446837,0.24460375959455405
216.32000732421875,59357400,224.13750076293945,222.8878009033203,39.05341385377693,-0.2925925277415331
216.7899932861328,45519300,223.68250045776367,222.6672006225586,40.125089511007545,-0.6726466644163622
220.69000244140625,59894900,223.3915008544922,222.5074008178711,48.25600362093254,-0.6516325464113777
228.8699951171875,66781300,223.51500091552734,222.42520080566408,60.402140655665505,0.024792546348919586
228.1999969482422,318679900,223.6985008239746,222.43780059814452,59.176860184424086,0.5010255423410115
226.47000122070312,54146000,223.68000106811525,222.35640075683594,56.01706019981082,0.7304275120201282
227.3699951171875,43556100,223.68950119018555,222.21580078125,57.29458642213497,0.9736288245991886
226.3699951171875,42308700,223.60650100708008,222.04680053710936,55.3701379215184,1.0733035985616937
227.52000427246094,36636700,223.65800094604492,222.01960052490233,57.152532466429754,1.2309036122172188
227.7899932861328,34026000,223.55800094604493,222.09180053710938,57.580853794512464,1.3618895999358074
233.0,54541900,223.75800094604492,222.2656005859375,64.87727114038172,1.8646069110786527
226.2100067138672,63285000,223.93000106811525,222.3106005859375,52.2607615196503,1.695572782612146
226.77999877929688,32880600,224.22650070190429,222.34600067138672,53.08554037001569,1.589285322137215
225.6699981689453,34044200,224.39100036621093,222.48860076904296,51.22936051733672,1.3993530998893107
226.8000030517578,37245100,224.69000015258788,222.67480072021485,53.02991770233647,1.3247415990375089
221.69000244140625,39505400,224.72900009155273,222.74940063476564,44.948477402308384,0.8435531482676311
225.77000427246094,31855700,225.0120002746582,222.90000061035155,51.326479589627986,0.78241074004751
229.5399932861328,33591100,225.3559997558594,223.11480041503907,56.35784569012149,1.0263306464922266
229.0399932861328,28183500,225.66949920654298,223.25400024414063,55.537877430459524,1.165853870669821
227.5500030517578,31759200,225.92199935913087,223.43780029296875,53.06039143379103,1.1430212342129664
231.3000030517578,39882100,226.6709991455078,223.66660034179688,58.123579010201404,1.4112518326104748
233.85000610351562,64751400,227.52399978637695,224.15820037841797,61.189283760360304,1.8087404157389528
231.77999877929688,34082200,228.0784996032715,224.64920043945312,57.50875193449745,1.9344218790416505
232.14999389648438,32993800,228.24249954223632,225.09580017089843,57.99509641780657,2.0403608481964284
235.0,46431500,228.5824996948242,225.52960021972658,61.63748333412835,2.3274604038181224
236.47999572753906,36254500,229.082999420166,225.93440002441406,63.411781891371845,2.64393452504828
235.86000061035156,38846600,229.50749969482422,226.30100006103515,62.11569695623877,2.8122957272045426
230.75999450683594,52287000,229.72699966430665,226.49079986572266,52.5930260631155,2.5053156040869453
230.57000732421875,31109500,229.87949981689454,226.66779998779296,52.27154084781915,2.2210978337537313
231.41000366210938,38802300,230.06050033569335,226.8016000366211,53.62139939060445,2.040116692113486
233.39999389648438,36087100,230.08050003051758,226.94859985351562,56.74265235674962,2.033818817022251
233.6699981689453,35417200,230.4534996032715,227.10419982910156,57.163888610179505,2.027245964346264
230.10000610351562,47070900,230.61949996948243,227.17600006103515,50.20282913244385,1.7142080835049285
225.91000366210938,64370100,230.63150024414062,227.16620025634765,43.50646467189043,1.1151701406993482
222.91000366210938,65276700,230.4370002746582,227.1338003540039,39.44913719705231,0.3938136881798471
222.00999450683594,44944500,230.4529998779297,227.03720031738283,38.29530628173744,-0.24763513103164314
223.4499969482422,28111300,230.33699951171874,226.96260040283204,41.255842160197666,-0.6325007048198188
222.72000122070312,54561100,229.99599990844726,226.85640045166016,40.20278950153379,-0.9850588539468106
227.47999572753906,42137700,229.9180000305176,226.87620025634766,49.29174743627428,-0.8703392226155415
226.9600067138672,38328800,229.88850021362305,226.81960052490234,48.42581794011263,-0.8120213789581499
224.22999572753906,42005600,229.5349998474121,226.7242004394531,44.05045918287431,-0.9748556099996506
224.22999572753906,40398300,229.0539993286133,226.75340026855469,44.050459182874306,-1.0913228211005617
225.1199951171875,48566200,228.72099914550782,226.83880004882812,45.89861987315621,-1.0991382309529456
228.22000122070312,44923900,228.52449951171874,226.95559997558593,51.863176350294616,-0.8454416893208929
225.0,47923700,228.02449951171874,227.03919982910156,46.16937889463262,-0.8939081237186031
228.02000427246094,44633700,227.60149993896485,227.1813998413086,51.54265015312164,-0.6807813924809807
228.27999877929688,36211800,227.2224998474121,227.3447998046875,51.98698426767605,-0.4853032646984161
229.0,35169600,227.1345001220703,227.4715997314453,53.265028044035255,-0.26918436903264364
228.52000427246094,42108300,227.03199996948243,227.58659973144532,52.26618698868928,-0.1350830772573488
229.8699951171875,38168300,226.95499954223632,227.73399963378907,54.831654630444255,0.07921302302636946
232.8699951171875,90152800,226.9284996032715,228.06499938964845,59.97921167051377,0.48552235489506756
235.05999755859375,45986200,226.9979995727539,228.43039947509766,63.269972139417185,0.973023908181915
234.92999267578125,33498400,227.2394989013672,228.71519927978517,62.93912219761923,1.333510218160285
237.3300018310547,28481400,227.81049880981445,228.8843994140625,66.4291848526798,1.7921995364482086
239.58999633789062,48137100,228.6444984436035,229.11219940185546,69.35567305592006,2.311432045208278
242.64999389648438,38861000,229.67649841308594,229.43579925537108,72.81161672148143,2.9359994052334173
243.00999450683594,44383900,230.6544982910156,229.74859924316405,73.1946225080533,3.4205921216887702
243.0399932861328,40033900,231.6704978942871,230.08199920654297,73.22846639467386,3.763670738095527
242.83999633789062,36870600,232.4384979248047,230.38839904785155,72.57062133947456,3.9736195187470855
246.75,44649200,233.42799758911133,230.76759918212892,76.93342161581673,4.404735014881737
247.77000427246094,36914800,234.60499801635743,231.06299926757814,77.92005728995137,4.773675017748957
246.49000549316406,45205800,235.71799850463867,231.46859924316405,73.66201955129245,4.90622155591754
247.9600067138672,32777500,236.85999908447266,231.89219940185546,75.32939307165492,5.071422256636595
248.1300048828125,33155300,237.85549926757812,232.34139953613283,75.52238130300915,5.156620126726807
251.0399932861328,51694800,239.15749893188476,232.82619934082032,78.60732836132776,5.396741520062591
253.47999572753906,51356400,240.43049850463868,233.46199920654297,80.79316653807602,5.718013558371609
248.0500030517578,56774100,241.41899871826172,233.9075991821289,64.90056115470429,5.471398063726639
249.7899932861328,60882300,242.45849838256837,234.3125991821289,67.13171618936866,5.354631320935312
254.49000549316406,147495300,243.75699844360352,234.82159942626953,72.26100503130048,5.5770557147971545
255.27000427246094,40858800,245.0269989013672,235.3759994506836,73.01367315571277,5.749985775404383
258.20001220703125,23234700,246.2934997558594,235.91399963378908,75.68289255598572,6.053678213391095
259.0199890136719,27237100,247.4914993286133,236.41739929199218,76.38679565533391,6.288037353501409
255.58999633789062,42355300,248.52449951171874,236.89359924316406,67.57501959271535,6.126375869724939
252.1999969482422,35557500,249.26799926757812,237.2945993041992,60.18531908420921,5.6594744610993075
250.4199981689453,39480700,249.80949935913085,237.60299926757813,56.680397450696574,5.087178874100005
243.85000610351562,55740700,249.86949996948243,237.75039947509765,46.026161198863875,4.056723661127819
243.36000061035156,40244100,249.8870002746582,237.90039947509766,45.341608098489736,3.164067729445577
245.0,45045600,249.98500061035156,238.18519958496094,48.12265036257972,2.5594618342312287
242.2100067138672,40856000,249.9535011291504,238.4179995727539,44.019304966074984,1.8340365335685647
242.6999969482422,37628900,249.7510009765625,238.64379943847655,44.90778509557822,1.283870216605635
236.85000610351562,61710900,249.20500106811522,238.71279968261717,37.29690801454741,0.3715312944301843
234.39999389648438,49630700,248.60050048828126,238.72739959716796,34.64844129756294,-0.5429407015038805
233.27999877929688,39435300,247.86650009155272,238.7909994506836,33.47809342100476,-1.342564346395875
237.8699951171875,39832000,247.35349960327147,239.03019927978517,42.10842579451357,-1.5875966754522324
228.25999450683594,71759100,246.21449966430663,239.1371990966797,32.57849730637865,-2.5280910369295384
229.97999572753906,68488300,245.03949966430665,239.29659912109375,35.39665732224795,-3.098927364789489
222.63999938964844,98070400,243.76899948120118,239.28039916992188,29.69278356166022,-4.096375165824469
223.8300018310547,64126500,242.47099990844725,239.30259918212892,31.616735313492313,-4.736240055459632
223.66000366210938,60234800,240.92949981689452,239.2261993408203,31.484188937698846,-5.19714556303316
222.77999877929688,54697900,239.30499954223632,239.14259918212892,30.765177529677445,-5.569226956336081
229.86000061035156,94863400,237.88799896240235,239.25519927978516,42.201641080881004,-5.23249027275611
238.25999450683594,75707600,236.84999923706056,239.5357992553711,52.274407821659466,-4.2389507337900625
239.36000061035156,45486100,236.0384994506836,239.8205993652344,53.419236962439584,-3.3244796595756725
237.58999633789062,55658300,235.30799942016603,240.00799926757813,51.287353115317536,-2.7113248321729486
236.0,100959800,234.58699951171874,240.22799926757813,49.38087792365254,-2.326871899399407
228.00999450683594,73063300,233.79499893188478,240.2277990722656,41.11075504333324,-2.6365246335825248
232.8000030517578,45067300,233.2669990539551,240.31819915771484,46.85686843334184,-2.466975243577423
232.47000122070312,39620300,232.64049911499023,240.3875991821289,46.52009059703263,-2.33234865680771
233.22000122070312,29925300,232.19099884033204,240.48159912109375,47.4446122434665,-2.1404634545601198
227.6300048828125,39707200,231.43749923706054,240.43679931640625,41.66343321006527,-2.4116589332627143
227.64999389648438,33115600,230.97749862670898,240.33239929199217,41.69079415983927,-2.5950561655343733
232.6199951171875,53718400,230.88849868774415,240.28359924316408,48.19656383588391,-2.3127028322947183
236.8699951171875,45243300,231.06799850463867,240.32239929199218,53.02337680292602,-1.7260989064540126
241.52999877929688,53614100,231.25099868774413,240.40639923095702,57.679598918275445,-0.8751001093854711
244.60000610351562,40896200,232.06799926757813,240.50659942626953,60.4601133339808,0.046510359872456775
244.47000122070312,48822500,232.79249954223633,240.5429995727539,60.27949994034446,0.757669051860205
244.8699951171875,32204200,233.90399932861328,240.58019958496095,60.66881074588818,1.3381186051101963
245.8300018310547,32316900,235.00399932861328,240.6359997558594,61.64057174547768,1.854219290898186
245.5500030517578,53197400,236.0984992980957,240.6901998901367,61.165894656516215,2.2151048909203723
247.10000610351562,51326400,237.31449966430665,240.69720001220702,62.87045484041215,2.5962536256544126
247.0399932861328,48013300,238.1734992980957,240.68259979248046,62.75560043167537,2.860500146060474
240.36000061035156,44433600,238.27849960327148,240.55999969482423,51.48177652336757,2.502055694794194
237.3000030517578,41153600,238.1754997253418,240.34679962158202,47.29071163984603,1.9486073229479643
241.83999633789062,56833400,238.38799972534179,240.2209994506836,53.35765635773458,1.8549522815297905
238.02999877929688,47184000,238.48949966430663,239.9607995605469,48.33012305608364,1.4565053380632946
235.92999267578125,53798100,238.8854995727539,239.60979949951172,45.770229856182986,0.9602116010149473
235.74000549316406,47227600,239.03249969482422,239.36359954833983,45.535244904391185,0.5452792215116915
235.3300018310547,45170400,239.1754997253418,239.07439971923827,44.99833487329744,0.18126889732792506
239.07000732421875,46273600,239.46800003051757,238.76599975585938,50.70786840807548,0.192357897523749
227.47999572753906,72071200,239.46049957275392,238.21019958496095,37.66085118324163,-0.7257055818018046
220.83999633789062,76137400,239.11999969482423,237.4629992675781,32.501366223945126,-1.966402497464145
216.97999572753906,62547500,238.3379997253418,236.62219940185548,29.934015421367164,-3.2239696168576586
209.67999267578125,61368300,236.97849960327147,235.7039993286133,25.78560863643294,-4.754839032284991
213.49000549316406,60107600,235.57649993896484,234.92979949951172,31.148715872392785,-5.59611930073703
214.0,48073400,234.04649963378907,234.2013995361328,31.858560661437167,-6.1507852563779295
212.69000244140625,42432400,232.4574996948242,233.57819946289064,30.975166202948344,-6.619759411410314
215.24000549316406,54385400,230.97600021362305,233.01579956054687,34.76701217546179,-6.708331404399075
214.10000610351562,48862900,229.3895004272461,232.39779968261718,33.87118484303103,-6.792217317118315
218.27000427246094,94127800,228.02550048828124,231.91899963378907,39.964848495398584,-6.447886285776036
220.72999572753906,44299500,226.7069999694824,231.479599609375,43.285073593904094,-5.908392441034124
223.75,34493600,225.5425003051758,231.21759948730468,47.14937246266809,-5.177467949019643
221.52999877929688,34466100,224.60100021362305,230.96019958496095,44.73633493857013,-4.722897940699511
223.85000610351562,37094800,223.92850036621093,230.77159973144532,47.74606787897149,-4.127859339192497
217.89999389648438,39818600,222.73150024414062,230.37219970703126,41.503213729205164,-4.089264721032009
222.1300048828125,65299300,221.9365005493164,230.24959991455077,46.8261582347537,-3.6749886911304372
223.19000244140625,36412700,221.29950103759765,230.11380004882812,48.10062957542402,-3.2239750312213857
223.88999938964844,35905900,220.70700073242188,230.13880004882813,48.97045027032877,-2.778036082074209
203.19000244140625,103419000,219.10000076293946,229.72600006103517,31.928866190224696,-4.048276991495925
188.3800048828125,125910900,216.56550064086915,229.0204000854492,25.177914408415887,-6.1787700791472275
181.4600067138672,160466300,214.26450119018554,228.19400024414062,22.756734164521276,-8.32956913190506
172.4199981689453,120859500,211.84350128173827,227.0452001953125,20.04492376214276,-10.640884522898176
198.85000610351562,184395900,210.9370018005371,226.25700042724608,41.85929923201114,-10.222103817096325
190.4199981689453,121880000,209.9740020751953,225.27820037841798,38.27256132213619,-10.449987329358635
198.14999389648438,87435900,209.20700149536134,224.48940032958984,43.08811894075541,-9.892802532160971
202.52000427246094,101352900,208.63300170898438,223.81980041503905,45.66863655771061,-8.994918429923501
202.13999938964844,51343900,208.1055015563965,223.3024005126953,45.47554061390277,-8.219255566344401
194.27000427246094,59732400,207.05700149536133,222.53180053710938,41.55662968546839,-8.145681644782115
196.97999572753906,52164700,206.2010009765625,221.82200042724608,43.36646611628827,-7.779028323554343
193.16000366210938,46742500,204.94550094604492,221.0208004760742,41.419372594131815,-7.707843141788459
199.74000549316406,52976400,203.89600143432617,220.46300048828124,45.923298226034795,-7.039332176482759
204.60000610351562,52929200,202.93850173950196,220.00200073242186,49.039772478510464,-6.047657358092891
208.3699951171875,47311000,202.28050155639647,219.51700073242188,51.38050729565644,-4.901045116291186
209.27999877929688,38222300,201.55200119018554,218.96520080566407,51.95418002488256,-3.874256941078386
210.13999938964844,38743100,201.16400146484375,218.3374008178711,52.52429896781814,-2.957038157495248
211.2100067138672,36827600,200.61800155639648,217.66960083007814,53.26732356375444,-2.1193643022431843
212.5,52286500,200.08350143432617,217.03020080566407,54.19800611407813,-1.3360093751349211
213.32000732421875,57365700,199.55500183105468,216.39920104980467,54.81403271406611,-0.6416308921336622
205.35000610351562,101010600,199.66300201416016,215.5896011352539,48.04961616331539,-0.7260737063382408
198.88999938964844,69018500,200.18850173950196,214.65640106201172,43.37702662144104,-1.2992864330310852
198.50999450683594,51216500,201.0410011291504,213.68460083007812,43.11144307783493,-1.763891820003039
196.25,68536700,202.2325012207031,212.66880096435546,41.48465221042497,-2.2880820203696715
197.49000549316406,50478900,202.16450119018555,211.81140106201173,42.760893870938986,-2.5737795223946023
198.52999877929688,36453900,202.57000122070312,211.0360009765625,43.86669080692082,-2.6853233484788177
210.7899932861328,63775800,203.20200119018554,210.41500091552734,54.92242333445618,-1.7641079997262068
212.92999267578125,51909300,203.72250061035157,209.91300079345703,56.531760304203246,-0.851542085720439
212.3300018310547,49325800,204.23200073242188,209.4410009765625,55.92887023337328,-0.17472712548641312
211.4499969482422,45029500,205.09100036621095,208.95520080566405,55.002356080773225,0.28733237835274394
211.25999450683594,54737900,205.80500030517578,208.4738006591797,54.7913055529479,0.6309134771646541
208.77999877929688,46140500,206.58600006103515,207.86800048828124,51.98730013980553,0.6950766335564253
206.86000061035156,42496600,206.94199981689454,207.4556005859375,49.85988128356405,0.5842635644482925
202.08999633789062,59211800,206.81649932861328,207.0806005859375,44.939624011138896,0.11027277273484515
201.36000061035156,46742400,206.46599960327148,206.76820068359376,44.22043048146355,-0.3205774813484652
195.27000427246094,78432900,205.7654998779297,206.48000091552734,38.66166572838354,-1.1402965907742555
200.2100067138672,56288500,205.2690002441406,206.2144009399414,44.730882818550064,-1.375457560488286
200.4199981689453,45339700,204.72949981689453,205.94280090332032,44.980100944600615,-1.5272743003379219
199.9499969482422,51396800,204.10199966430665,205.68800079345704,44.496480330105335,-1.6663071790757442
200.85000610351562,70819900,203.47849960327147,205.40020080566407,45.700443728469075,-1.6844512149417028
201.6999969482422,35423300,203.2959991455078,205.15220062255858,46.87254140640573,-1.6116650649446171
203.27000427246094,46381600,203.51499938964844,204.8522006225586,49.05980073901802,-1.41102957609246
202.82000732421875,43604000,203.7305000305176,204.49400085449219,48.4441769521473,-1.2736536125940745
200.6300048828125,55126100,203.9495002746582,204.03160095214844,45.45474577793856,-1.3262093503346648
203.9199981689453,46607700,204.27099990844727,203.67940093994142,50.40595838451863,-1.0898223943962364
201.4499969482422,72862600,204.41699981689453,203.23140075683594,46.95956010507377,-1.0892364448777982
202.6699981689453,54672600,204.01100006103516,202.92680084228516,48.82089308345196,-0.9790423819810314
198.77999877929688,60989900,203.30350036621093,202.45980072021484,43.57059029748643,-1.1918641657007356
199.1999969482422,43904600,202.64700012207032,201.98000061035157,44.26748920906907,-1.311518254389199
196.4499969482422,51447300,201.89700012207032,201.43120056152344,40.72134514722587,-1.6096914776705944
198.4199981689453,43020700,201.25500030517577,201.3358004760742,44.17155492521316,-1.6678078204398616
195.63999938964844,38856200,200.59800033569337,201.48100036621094,40.58197875039326,-1.9161004950840095
196.5800018310547,45394700,200.08400039672853,201.7834002685547,42.28972251641125,-2.0138099400624583
201.0,96813500,200.02950057983398,202.3550003051758,49.62176927947884,-1.714821076468013
201.5,55814300,200.0365005493164,202.40800018310546,50.38962073028371,-1.4211423818972548
200.3000030517578,54064000,200.28800048828126,202.6056002807617,48.479811274561015,-1.2705831340802547
201.55999755859375,39525700,200.3555000305176,202.6738003540039,50.597074295487346,-1.0376316472500378
201.0,50799100,200.3845001220703,202.6434002685547,49.62103930178909,-0.8879671064332797
201.0800018310547,73188600,200.44100036621094,202.6222003173828,49.77011287542503,-0.7542073673453444
205.1699981689453,91912800,200.65699996948243,202.8402001953125,56.80688740342301,-0.3145473810789383
207.82000732421875,78788900,200.96300048828124,203.0570004272461,60.653082312811755,0.2448968983946429
212.44000244140625,67941800,201.4215003967285,203.44260040283203,66.28902898395879,1.048963714756212
213.5500030517578,34955800,201.95800018310547,203.71880035400392,67.49375782990677,1.7555236484606382
209.9499969482422,50229000,202.42399978637695,203.82580017089845,60.004073952626754,2.0019103045189013
210.00999450683594,42848900,202.72849960327147,203.85860015869142,60.08357384742931,2.1769206202982616
211.13999938964844,48749400,203.2129997253418,203.89580017089844,61.6304958239286,2.379371592027269
212.41000366210938,44443600,203.7,203.94120025634766,63.349610691257745,2.6121825620736274
211.16000366210938,39765800,204.31900024414062,203.9402001953125,60.47749444413962,2.6651007572715457
208.6199951171875,38840100,204.79000015258788,203.86260009765624,55.01891159654509,2.4735675988457047
209.11000061035156,42296300,205.42300033569336,203.77839996337892,55.84685044070109,2.3344059602306118
210.16000366210938,47490500,206.01000061035157,203.87459991455077,57.64587983516862,2.2825341966669157
210.02000427246094,48068100,206.7290008544922,204.09720001220703,57.310581305560895,2.204714097872511
211.17999267578125,48974600,207.45900039672853,204.35059997558594,59.41688479062778,2.2111536754594283
212.47999572753906,51377400,208.03300018310546,204.67519989013672,61.697753860047754,2.2947045432194955
214.39999389648438,46404100,208.6779998779297,205.01339965820313,64.84069589629586,2.487176392768248
214.14999389648438,46989300,209.37049942016603,205.32579956054687,64.10310579806509,2.5896865154315947
213.75999450683594,46022600,209.98049926757812,205.38519958496093,62.90102479513008,2.6093775546353584
213.8800048828125,40268800,210.62449951171874,205.40419982910157,63.13014618246083,2.6046419879397718
214.0500030517578,37858000,211.27299957275392,205.43859985351563,63.47426844586137,2.584810363829888
211.27000427246094,51411700,211.5779998779297,205.435,54.51376204986181,2.318049953841694
209.0500030517578,45512500,211.63949966430664,205.39080017089844,48.61212196583623,1.9055389944633419
207.57000732421875,80698400,211.39599990844727,205.36660034179687,45.10625622588484,1.442568766036004
202.3800048828125,104434500,210.8375,205.2770004272461,35.45087467671749,0.6493859847225281
203.35000610351562,75109300,210.50750045776368,205.3022006225586,38.117075684054704,0.09792508836804359
202.9199981689453,44155100,210.15300064086915,205.33340057373047,37.37996902357418,-0.36954975214169394
213.25,108483100,210.2585006713867,205.69300048828126,58.26130367791352,0.09245215423410968
220.02999877929688,90224800,210.6395004272461,206.08940032958984,66.22261934738127,0.9942204774726804
229.35000610351562,113854000,211.54900054931642,206.66800048828125,73.6601742292319,2.432880340888204
227.17999267578125,61806100,212.47700042724608,207.21260040283204,69.80602963800534,3.359203888179195
229.64999389648438,55626200,213.50400009155274,207.7886001586914,71.6258855662474,4.243711563768983
233.3300018310547,69878500,214.6625,208.42120025634765,74.12787333708745,5.1819024090683286
232.77999877929688,51916300,215.8004997253418,209.01140014648436,73.09052415090198,5.814024310412577
231.58999633789062,56038700,216.82099990844728,209.5867999267578,70.78251845037417,6.148090855337472
230.88999938964844,37476200,217.74150009155272,210.19199981689454,69.39437907759289,6.283919977509015
230.55999755859375,39402600,218.54950027465821,210.7247998046875,68.71025713237529,6.292402249354041
226.00999450683594,42263900,219.1425003051758,211.21599975585937,59.93658776664182,5.864376409783546
224.89999389648438,30621200,219.6995002746582,211.66059967041016,57.99114877821516,5.373650972145725
227.75999450683594,42477800,220.39349975585938,212.24019958496095,61.46204667821153,5.156089484541383
227.16000366210938,30983100,221.04899978637695,212.7993997192383,60.33578531929282,4.879013955533651
229.30999755859375,54575100,221.95099945068358,213.45659973144532,62.95538280066847,4.777840174343623
230.49000549316406,31259500,223.02299957275392,214.09799987792968,64.347136870725,4.738256332871657
232.55999755859375,38074700,224.27249908447266,214.8363998413086,66.70990375831454,4.8183737006658305
232.13999938964844,39418400,225.76049880981446,215.54759979248047,65.75768576411615,4.7927293491281375
229.72000122070312,44075600,227.07899856567383,216.12199981689454,60.407269187781345,4.524971335453358
238.47000122070312,66427800,228.85649871826172,216.86139984130858,69.93317603590265,4.961628489007836
239.77999877929688,47549400,230.18299865722656,217.65099975585937,71.05596233485592,5.351697249441088
239.69000244140625,54870400,231.16599884033204,218.41359985351562,70.86019019047009,5.589139479242931
237.8800048828125,48999500,231.59249877929688,219.15119995117186,66.86977513889713,5.5670885494363915
234.35000610351562,66313900,231.95099945068358,219.81660003662108,59.797195859186935,5.204774231160457
226.7899932861328,83440800,231.80799942016603,220.24899993896486,48.07085599494858,4.258518124786548
230.02999877929688,50208600,231.64299926757812,220.6931997680664,52.38080021707644,3.727081236059007
234.07000732421875,55824200,231.7074996948242,221.12579986572266,57.155803840532286,3.590519326980626
236.6999969482422,42699500,231.9629997253418,221.58879974365234,59.96987450504854,3.6524085211919726
238.14999389648438,63421100,232.32599945068358,222.1527996826172,61.47236950826146,3.7749435892094425
238.99000549316406,46508000,232.74749984741212,222.73239990234376,62.35392303539506,3.8949370195655604
237.8800048828125,44249600,233.34100036621095,223.26720001220704,60.387635476227416,3.8560151625280525
245.5,163741300,234.37100067138672,223.92899993896484,67.87658797322256,4.389440495707021
256.0799865722656,105517400,235.7870002746582,224.82739959716798,74.95615150670294,5.601331745464364
254.42999267578125,60275200,237.1504997253418,225.74359954833983,72.28074760662008,6.355362906717488
252.30999755859375,42303700,238.3004997253418,226.6075994873047,68.87896994016768,6.704585853829997
256.8699951171875,55202100,239.61949920654297,227.54179931640624,71.93820704800197,7.265548528135554
255.4600067138672,46076300,240.76449966430664,228.45059936523438,69.65804317923994,7.509773217675473
254.42999267578125,40127700,241.87899932861328,229.31559936523436,67.96334073832527,7.533369524474267
254.6300048828125,37704300,243.12449951171874,230.15859954833985,68.12550811705489,7.481961684213957
255.4499969482422,48713900,243.9734992980957,230.979599609375,68.8222923054532,7.421832838127358
257.1300048828125,42630200,244.84099960327148,231.83919982910157,70.25688253655046,7.42416177870183
258.0199890136719,49155600,245.75749893188475,232.72439971923828,71.01768579157894,7.412376500089948
256.69000244140625,44664100,246.69799880981446,233.58059967041015,68.20978205732453,7.212575697690909
256.4800109863281,31955800,247.80449905395508,234.42919982910155,67.75427881233585,6.957090557540795
258.05999755859375,36496900,249.3679992675781,235.3649996948242,69.40954269611746,6.803679868800032
254.0399932861328,38322000,250.56849899291993,236.26479949951172,60.85063986203294,6.285267394418781
245.27000427246094,61999100,251.12849884033204,237.01879943847655,47.181824872624915,5.107876532836627
247.66000366210938,38142900,251.6764991760254,237.9243994140625,50.44850000017677,4.317865107889986
247.77000427246094,35478000,252.15749969482422,238.8127993774414,50.59993701653086,3.6584788252630744
249.33999633789062,33893600,252.67499923706055,239.74119934082032,52.81636527120878,3.225415106768992
247.4499969482422,39777000,253.15349884033202,240.42519927978515,49.91308174417565,2.6985941212330715
252.2899932861328,49147000,253.49299850463868,241.07039916992187,56.50653590121834,2.641186001442861
262.239990234375,90483000,253.80099868774414,241.72819885253907,66.32176779332632,3.359841094328061
262.7699890136719,46695900,254.21799850463867,242.43999877929687,66.75217194372414,3.926880273776561
258.45001220703125,45015300,254.52499923706054,243.0159991455078,60.01917504273505,3.981777432372837
259.5799865722656,32647300,254.66049880981444,243.54099884033204,61.1237600070947,4.06955205092288
